Dijkstra:
35 - length of path between (10, 3) and (10, 20) points.
Path:
[(10, 3), (10, 2), (11, 2), (12, 2), (12, 3), (13, 3), (14, 3), (14, 4), (15, 4), (15, 5), 
(16, 5), (17, 5), (17, 6), (18, 6), (18, 7), (18, 8), (18, 9), (18, 10), (18, 11), (18, 12), 
(18, 13), (18, 14), (18, 15), (18, 16), (18, 17), (17, 17), (16, 17), (15, 17), (14, 17), (14, 18), 
(13, 18), (13, 19), (13, 20), (12, 20), (11, 20), (10, 20)]
Visited: 48.2993%
Time: 1.427 ms

=================================================
A*:
35 - length of path between (10, 3) and (10, 20) points.
Path:
[(10, 3), (10, 2), (11, 2), (12, 2), (12, 3), (13, 3), (14, 3), (14, 4), (15, 4), (15, 5), 
(16, 5), (17, 5), (17, 6), (18, 6), (18, 7), (18, 8), (18, 9), (18, 10), (18, 11), (18, 12), 
(18, 13), (18, 14), (18, 15), (17, 15), (16, 15), (15, 15), (15, 16), (15, 17), (14, 17), (14, 18), 
(13, 18), (13, 19), (12, 19), (12, 20), (11, 20), (10, 20)]
Visited: 29.7052%
Time: 0.968 ms

=================================================
